   0.0000000e+00   0.0000000e+00   0.0000000e+00   0.0000000e+00   0.0000000e+00   0.0000000e+00   0.0000000e+00   0.0000000e+00   0.0000000e+00   0.0000000e+00   0.0000000e+00
   0.0000000e+00   0.0000000e+00   0.0000000e+00   0.0000000e+00   0.0000000e+00   0.0000000e+00   0.0000000e+00   0.0000000e+00   0.0000000e+00   0.0000000e+00   0.0000000e+00
   0.0000000e+00   0.0000000e+00   0.0000000e+00   0.0000000e+00   0.0000000e+00   0.0000000e+00   0.0000000e+00   0.0000000e+00   0.0000000e+00   0.0000000e+00   0.0000000e+00
   0.0000000e+00   0.0000000e+00   0.0000000e+00   0.0000000e+00   0.0000000e+00   0.0000000e+00   0.0000000e+00   0.0000000e+00   0.0000000e+00   0.0000000e+00   0.0000000e+00
   0.0000000e+00   0.0000000e+00   0.0000000e+00   0.0000000e+00   0.0000000e+00   0.0000000e+00   0.0000000e+00   0.0000000e+00   0.0000000e+00   0.0000000e+00   0.0000000e+00
   5.0000000e-04   0.0000000e+00   0.0000000e+00   0.0000000e+00   0.0000000e+00   0.0000000e+00   0.0000000e+00   0.0000000e+00   0.0000000e+00   0.0000000e+00   0.0000000e+00
   0.0000000e+00   0.0000000e+00   0.0000000e+00   0.0000000e+00   0.0000000e+00   0.0000000e+00   0.0000000e+00   0.0000000e+00   0.0000000e+00   0.0000000e+00   0.0000000e+00
   0.0000000e+00   0.0000000e+00   0.0000000e+00   0.0000000e+00   0.0000000e+00   0.0000000e+00   0.0000000e+00   0.0000000e+00   0.0000000e+00   0.0000000e+00   0.0000000e+00
   0.0000000e+00   1.0000000e-03   0.0000000e+00   0.0000000e+00   0.0000000e+00   0.0000000e+00   0.0000000e+00   0.0000000e+00   0.0000000e+00   0.0000000e+00   0.0000000e+00
   2.0000000e-03   5.0000000e-04   1.0000000e-03   5.0000000e-04   0.0000000e+00   0.0000000e+00   0.0000000e+00   0.0000000e+00   0.0000000e+00   0.0000000e+00   0.0000000e+00
   4.0000000e-03   3.5000000e-03   2.0000000e-03   5.0000000e-04   1.0000000e-03   0.0000000e+00   0.0000000e+00   0.0000000e+00   0.0000000e+00   0.0000000e+00   0.0000000e+00
   3.0000000e-03   3.0000000e-03   5.0000000e-03   1.0000000e-03   1.0000000e-03   0.0000000e+00   0.0000000e+00   0.0000000e+00   0.0000000e+00   0.0000000e+00   0.0000000e+00
   4.5000000e-03   5.0000000e-03   3.5000000e-03   4.0000000e-03   0.0000000e+00   0.0000000e+00   0.0000000e+00   0.0000000e+00   0.0000000e+00   0.0000000e+00   0.0000000e+00
   4.5000000e-03   1.1500000e-02   9.0000000e-03   2.0000000e-03   2.0000000e-03   5.0000000e-04   0.0000000e+00   0.0000000e+00   0.0000000e+00   0.0000000e+00   0.0000000e+00
   3.0000000e-03   4.5000000e-03   1.6500000e-02   7.5000000e-03   3.5000000e-03   2.0000000e-03   0.0000000e+00   0.0000000e+00   0.0000000e+00   0.0000000e+00   0.0000000e+00
   6.0000000e-03   1.3500000e-02   1.8000000e-02   1.3500000e-02   5.0000000e-03   1.5000000e-03   1.0000000e-03   0.0000000e+00   0.0000000e+00   0.0000000e+00   0.0000000e+00
   7.5000000e-03   1.8500000e-02   2.2500000e-02   1.3500000e-02   6.0000000e-03   2.0000000e-03   5.0000000e-04   0.0000000e+00   0.0000000e+00   0.0000000e+00   0.0000000e+00
   5.5000000e-03   1.3000000e-02   2.0500000e-02   1.9000000e-02   1.2000000e-02   3.5000000e-03   1.0000000e-03   5.0000000e-04   0.0000000e+00   0.0000000e+00   0.0000000e+00
   3.5000000e-03   1.1500000e-02   2.1500000e-02   2.2000000e-02   7.5000000e-03   7.5000000e-03   1.5000000e-03   5.0000000e-04   0.0000000e+00   0.0000000e+00   0.0000000e+00
   4.0000000e-03   1.0500000e-02   1.6500000e-02   2.4500000e-02   1.3500000e-02   5.5000000e-03   2.5000000e-03   1.0000000e-03   0.0000000e+00   0.0000000e+00   0.0000000e+00
   1.0000000e-03   1.1500000e-02   2.2000000e-02   2.6500000e-02   2.2000000e-02   8.5000000e-03   3.5000000e-03   5.0000000e-04   0.0000000e+00   0.0000000e+00   0.0000000e+00
   3.5000000e-03   8.0000000e-03   1.6000000e-02   2.0500000e-02   1.5000000e-02   6.0000000e-03   4.0000000e-03   1.0000000e-03   0.0000000e+00   0.0000000e+00   5.0000000e-04
   5.0000000e-04   7.5000000e-03   1.5500000e-02   2.0000000e-02   1.2500000e-02   7.0000000e-03   6.0000000e-03   0.0000000e+00   5.0000000e-04   0.0000000e+00   5.0000000e-04
   5.0000000e-04   5.0000000e-03   1.1000000e-02   1.6000000e-02   1.6500000e-02   1.0000000e-02   3.0000000e-03   1.0000000e-03   5.0000000e-04   0.0000000e+00   0.0000000e+00
   0.0000000e+00   4.0000000e-03   1.0000000e-02   8.0000000e-03   1.5500000e-02   7.0000000e-03   5.0000000e-03   4.0000000e-03   1.5000000e-03   0.0000000e+00   0.0000000e+00
   0.0000000e+00   3.5000000e-03   5.5000000e-03   9.5000000e-03   1.0000000e-02   6.5000000e-03   6.0000000e-03   5.0000000e-04   1.5000000e-03   0.0000000e+00   0.0000000e+00
   0.0000000e+00   2.0000000e-03   4.5000000e-03   8.0000000e-03   1.1000000e-02   8.5000000e-03   3.5000000e-03   5.0000000e-04   2.0000000e-03   5.0000000e-04   0.0000000e+00
   5.0000000e-04   1.5000000e-03   2.0000000e-03   4.5000000e-03   5.5000000e-03   4.0000000e-03   4.0000000e-03   2.5000000e-03   5.0000000e-04   0.0000000e+00   0.0000000e+00
   0.0000000e+00   2.5000000e-03   2.5000000e-03   2.5000000e-03   4.0000000e-03   5.5000000e-03   1.5000000e-03   1.5000000e-03   1.0000000e-03   1.0000000e-03   0.0000000e+00
   0.0000000e+00   1.0000000e-03   5.0000000e-04   1.0000000e-03   2.5000000e-03   1.0000000e-03   4.0000000e-03   1.5000000e-03   0.0000000e+00   0.0000000e+00   1.0000000e-03
   0.0000000e+00   0.0000000e+00   0.0000000e+00   1.0000000e-03   1.5000000e-03   1.0000000e-03   1.5000000e-03   1.0000000e-03   0.0000000e+00   0.0000000e+00   0.0000000e+00
   0.0000000e+00   1.5000000e-03   5.0000000e-04   1.0000000e-03   2.0000000e-03   5.0000000e-04   1.0000000e-03   5.0000000e-04   1.0000000e-03   0.0000000e+00   0.0000000e+00
   0.0000000e+00   5.0000000e-04   0.0000000e+00   5.0000000e-04   2.0000000e-03   1.5000000e-03   0.0000000e+00   1.0000000e-03   0.0000000e+00   0.0000000e+00   0.0000000e+00
   0.0000000e+00   0.0000000e+00   5.0000000e-04   1.5000000e-03   5.0000000e-04   5.0000000e-04   5.0000000e-04   1.5000000e-03   5.0000000e-04   5.0000000e-04   0.0000000e+00
   0.0000000e+00   0.0000000e+00   0.0000000e+00   5.0000000e-04   0.0000000e+00   0.0000000e+00   0.0000000e+00   0.0000000e+00   0.0000000e+00   0.0000000e+00   0.0000000e+00
   0.0000000e+00   0.0000000e+00   0.0000000e+00   0.0000000e+00   5.0000000e-04   0.0000000e+00   0.0000000e+00   0.0000000e+00   0.0000000e+00   0.0000000e+00   0.0000000e+00
   0.0000000e+00   0.0000000e+00   0.0000000e+00   0.0000000e+00   5.0000000e-04   5.0000000e-04   0.0000000e+00   0.0000000e+00   0.0000000e+00   0.0000000e+00   0.0000000e+00
   0.0000000e+00   0.0000000e+00   0.0000000e+00   0.0000000e+00   0.0000000e+00   5.0000000e-04   0.0000000e+00   0.0000000e+00   0.0000000e+00   0.0000000e+00   0.0000000e+00
